8 40 7 80 100
10 17 0 0 0
7 27 11 13 2.0
24 15 13 18 1.5
1 6 14 14 2.0
20 30 8 18 1.1
17 8 10 16 0.4
19 21 13 18 0.8
4 29 14 16 1.2
0 13 16 20 23 16 13 18
13 0 29 27 16 29 18 5
16 29 0 32 19 14 11 34
20 27 32 0 43 18 33 26
23 16 19 43 0 25 10 17
16 29 14 18 25 0 15 34
13 18 11 33 10 15 0 23
18 5 34 26 17 34 23 0
