10 40 7 80 100
3 22 0 0 0
3 26 14 13 0.7
17 9 16 12 1.8
22 14 12 19 1.9
25 14 12 20 1.5
6 12 9 16 0.8
19 12 8 18 0.4
16 3 16 15 0.4
12 27 12 17 2.0
1 11 15 19 2.0
0 4 27 27 30 13 26 32 14 13
4 0 31 31 34 17 30 36 10 17
27 31 0 10 13 14 5 7 23 18
27 31 10 0 3 18 5 17 23 24
30 34 13 3 0 21 8 20 26 27
13 17 14 18 21 0 13 19 21 6
26 30 5 5 8 13 0 12 22 19
32 36 7 17 20 19 12 0 28 23
14 10 23 23 26 21 22 28 0 27
13 17 18 24 27 6 19 23 27 0
