12 40 7 80 100
15 6 0 0 0
29 21 11 19 1.5
13 10 8 18 1.1
17 15 16 15 1.0
13 2 9 18 1.5
18 6 14 18 0.5
7 14 8 11 1.8
10 5 10 13 1.3
23 9 9 17 2.0
23 3 13 18 1.1
27 22 8 18 1.8
16 9 13 10 0.9
0 29 6 11 6 3 16 6 11 11 28 4
29 0 27 18 35 26 29 35 18 24 3 25
6 27 0 9 8 9 10 8 11 17 26 4
11 18 9 0 17 10 11 17 12 18 17 7
6 35 8 17 0 9 18 6 17 11 34 10
3 26 9 10 9 0 19 9 8 8 25 5
16 29 10 11 18 19 0 12 21 27 28 14
6 35 8 17 6 9 12 0 17 15 34 10
11 18 11 12 17 8 21 17 0 6 17 7
11 24 17 18 11 8 27 15 6 0 23 13
28 3 26 17 34 25 28 34 17 23 0 24
4 25 4 7 10 5 14 10 7 13 24 0
