8 40 7 80 100
18 13 0 0 0
36 34 8 19 1.3
38 20 9 17 0.7
18 31 15 19 0.8
22 36 9 17 1.6
21 22 12 16 1.7
11 10 8 13 1.5
6 4 12 18 1.7
0 39 27 18 27 12 10 21
39 0 16 21 16 27 49 60
27 16 0 31 32 19 37 48
18 21 31 0 9 12 28 39
27 16 32 9 0 15 37 48
12 27 19 12 15 0 22 33
10 49 37 28 37 22 0 11
21 60 48 39 48 33 11 0
