12 40 7 80 100
21 20 0 0 0
9 27 9 16 1.2
20 40 10 19 0.6
31 13 14 13 1.1
1 36 9 11 1.7
21 35 15 14 0.5
30 21 9 19 1.2
2 11 14 11 1.1
19 9 16 11 1.0
1 29 8 12 0.5
33 13 16 11 1.1
33 17 15 12 0.6
0 19 21 17 36 15 10 28 13 29 19 15
19 0 24 36 17 20 27 23 28 10 38 34
21 24 0 38 23 6 29 47 32 30 40 36
17 36 38 0 53 32 9 31 16 46 2 6
36 17 23 53 0 21 44 26 45 7 55 51
15 20 6 32 21 0 23 43 28 26 34 30
10 27 29 9 44 23 0 38 23 37 11 7
28 23 47 31 26 43 38 0 19 19 33 37
13 28 32 16 45 28 23 19 0 38 18 22
29 10 30 46 7 26 37 19 38 0 48 44
19 38 40 2 55 34 11 33 18 48 0 4
15 34 36 6 51 30 7 37 22 44 4 0
